   0.3065191D+01   0.7743388D+05  -0.1704120D+06
   0.3065191D+01   0.7743388D+05  -0.1704120D+06
   0.3065191D+01   0.7743388D+05  -0.1704120D+06
   0.3065191D+01   0.7743388D+05  -0.1704120D+06
   0.3065191D+01   0.7743388D+05  -0.1704120D+06
   0.3065142D+01   0.7744225D+05  -0.1704345D+06
   0.3065111D+01   0.7744745D+05  -0.1704485D+06
   0.3065092D+01   0.7745067D+05  -0.1704571D+06
   0.3065080D+01   0.7745268D+05  -0.1704625D+06
   0.3065073D+01   0.7745392D+05  -0.1704659D+06
   0.3065069D+01   0.7745470D+05  -0.1704680D+06
   0.3065066D+01   0.7745518D+05  -0.1704692D+06
   0.3065064D+01   0.7745548D+05  -0.1704700D+06
   0.3065063D+01   0.7745566D+05  -0.1704705D+06
   0.3065062D+01   0.7745578D+05  -0.1704709D+06
   0.3065062D+01   0.7745585D+05  -0.1704710D+06
   0.3065062D+01   0.7745589D+05  -0.1704712D+06
   0.3065061D+01   0.7745592D+05  -0.1704712D+06
   0.3065061D+01   0.7745594D+05  -0.1704713D+06
   0.3065061D+01   0.7745595D+05  -0.1704713D+06
   0.3065061D+01   0.7745595D+05  -0.1704713D+06
   0.3065061D+01   0.7745596D+05  -0.1704713D+06
   0.3065061D+01   0.7745596D+05  -0.1704714D+06
   0.3065061D+01   0.7745596D+05  -0.1704714D+06
   0.3065061D+01   0.7745596D+05  -0.1704714D+06
   0.3065191D+01   0.7743388D+05  -0.1704120D+06
   0.3065191D+01   0.7743388D+05  -0.1704120D+06
   0.3065191D+01   0.7743388D+05  -0.1704120D+06
   0.3065191D+01   0.7743388D+05  -0.1704120D+06
   0.3065191D+01   0.7743388D+05  -0.1704120D+06
   0.3065248D+01   0.7742405D+05  -0.1703856D+06
   0.3065285D+01   0.7741779D+05  -0.1703687D+06
   0.3065309D+01   0.7741381D+05  -0.1703580D+06
   0.3065323D+01   0.7741127D+05  -0.1703512D+06
   0.3065333D+01   0.7740966D+05  -0.1703469D+06
   0.3065339D+01   0.7740863D+05  -0.1703441D+06
   0.3065343D+01   0.7740798D+05  -0.1703423D+06
   0.3065345D+01   0.7740756D+05  -0.1703412D+06
   0.3065347D+01   0.7740730D+05  -0.1703405D+06
   0.3065348D+01   0.7740713D+05  -0.1703401D+06
   0.3065348D+01   0.7740702D+05  -0.1703398D+06
   0.3065349D+01   0.7740695D+05  -0.1703396D+06
   0.3065349D+01   0.7740691D+05  -0.1703395D+06
   0.3065349D+01   0.7740688D+05  -0.1703394D+06
   0.3065349D+01   0.7740687D+05  -0.1703393D+06
   0.3065349D+01   0.7740685D+05  -0.1703393D+06
   0.3065349D+01   0.7740685D+05  -0.1703393D+06
   0.3065349D+01   0.7740684D+05  -0.1703393D+06
   0.3065350D+01   0.7740684D+05  -0.1703393D+06
   0.3065350D+01   0.7740684D+05  -0.1703393D+06
   0.3065350D+01   0.7740684D+05  -0.1703393D+06
   0.3065350D+01   0.7740684D+05  -0.1703393D+06
   0.3065191D+01   0.7743388D+05  -0.1704120D+06
   0.3065191D+01   0.7743388D+05  -0.1704120D+06
   0.3065191D+01   0.7743388D+05  -0.1704120D+06
   0.3065191D+01   0.7743388D+05  -0.1704120D+06
   0.3065191D+01   0.7743388D+05  -0.1704120D+06
   0.3065536D+01   0.7737506D+05  -0.1702538D+06
   0.3065277D+01   0.7741917D+05  -0.1703724D+06
   0.3065590D+01   0.7736583D+05  -0.1702290D+06
   0.3065355D+01   0.7740583D+05  -0.1703366D+06
   0.3065639D+01   0.7735748D+05  -0.1702066D+06
   0.3065817D+01   0.7732720D+05  -0.1701252D+06
   0.3065929D+01   0.7730828D+05  -0.1700743D+06
   0.3065998D+01   0.7729645D+05  -0.1700425D+06
   0.3066042D+01   0.7728905D+05  -0.1700226D+06
   0.3066069D+01   0.7728442D+05  -0.1700102D+06
   0.3066086D+01   0.7728153D+05  -0.1700024D+06
   0.3066097D+01   0.7727972D+05  -0.1699976D+06
   0.3066103D+01   0.7727858D+05  -0.1699945D+06
   0.3066107D+01   0.7727788D+05  -0.1699926D+06
   0.3066110D+01   0.7727743D+05  -0.1699914D+06
   0.3066112D+01   0.7727715D+05  -0.1699907D+06
   0.3066113D+01   0.7727698D+05  -0.1699902D+06
   0.3066113D+01   0.7727687D+05  -0.1699899D+06
   0.3066114D+01   0.7727681D+05  -0.1699897D+06
   0.3066114D+01   0.7727676D+05  -0.1699896D+06
   0.3066114D+01   0.7727674D+05  -0.1699896D+06
   0.3066114D+01   0.7727672D+05  -0.1699895D+06
   0.3066114D+01   0.7727671D+05  -0.1699895D+06
   0.3066114D+01   0.7727670D+05  -0.1699895D+06
   0.3066114D+01   0.7727670D+05  -0.1699895D+06
   0.3066114D+01   0.7727670D+05  -0.1699895D+06
   0.3066114D+01   0.7727669D+05  -0.1699894D+06
   0.3066114D+01   0.7727669D+05  -0.1699894D+06
   0.3066114D+01   0.7727669D+05  -0.1699894D+06
   0.3065191D+01   0.7743388D+05  -0.1704120D+06
   0.3065191D+01   0.7743388D+05  -0.1704120D+06
   0.3065191D+01   0.7743388D+05  -0.1704120D+06
   0.3065191D+01   0.7743388D+05  -0.1704120D+06
   0.3065191D+01   0.7743388D+05  -0.1704120D+06
   0.3065375D+01   0.7740249D+05  -0.1703276D+06
   0.3065237D+01   0.7742603D+05  -0.1703909D+06
   0.3065403D+01   0.7739775D+05  -0.1703149D+06
   0.3065278D+01   0.7741896D+05  -0.1703719D+06
   0.3065428D+01   0.7739349D+05  -0.1703034D+06
   0.3065518D+01   0.7737814D+05  -0.1702621D+06
   0.3065572D+01   0.7736890D+05  -0.1702373D+06
   0.3065605D+01   0.7736334D+05  -0.1702224D+06
   0.3065625D+01   0.7736000D+05  -0.1702134D+06
   0.3065636D+01   0.7735798D+05  -0.1702079D+06
   0.3065644D+01   0.7735677D+05  -0.1702047D+06
   0.3065648D+01   0.7735604D+05  -0.1702027D+06
   0.3065650D+01   0.7735560D+05  -0.1702015D+06
   0.3065652D+01   0.7735534D+05  -0.1702008D+06
   0.3065653D+01   0.7735518D+05  -0.1702004D+06
   0.3065653D+01   0.7735508D+05  -0.1702001D+06
   0.3065654D+01   0.7735503D+05  -0.1702000D+06
   0.3065654D+01   0.7735499D+05  -0.1701999D+06
   0.3065654D+01   0.7735497D+05  -0.1701998D+06
   0.3065654D+01   0.7735496D+05  -0.1701998D+06
   0.3065654D+01   0.7735495D+05  -0.1701998D+06
   0.3065654D+01   0.7735495D+05  -0.1701998D+06
   0.3065654D+01   0.7735494D+05  -0.1701998D+06
   0.3065654D+01   0.7735494D+05  -0.1701998D+06
   0.3065654D+01   0.7735494D+05  -0.1701998D+06
   0.3065191D+01   0.7743388D+05  -0.1704120D+06
   0.3065191D+01   0.7743388D+05  -0.1704120D+06
   0.3065191D+01   0.7743388D+05  -0.1704120D+06
   0.3065191D+01   0.7743388D+05  -0.1704120D+06
   0.3065191D+01   0.7743388D+05  -0.1704120D+06
   0.3065198D+01   0.7743261D+05  -0.1704086D+06
   0.3065202D+01   0.7743191D+05  -0.1704067D+06
   0.3065205D+01   0.7743152D+05  -0.1704056D+06
   0.3065206D+01   0.7743130D+05  -0.1704050D+06
   0.3065207D+01   0.7743118D+05  -0.1704047D+06
   0.3065207D+01   0.7743111D+05  -0.1704045D+06
   0.3065207D+01   0.7743107D+05  -0.1704044D+06
   0.3065207D+01   0.7743105D+05  -0.1704044D+06
   0.3065207D+01   0.7743104D+05  -0.1704044D+06
   0.3065207D+01   0.7743104D+05  -0.1704043D+06
   0.3065208D+01   0.7743103D+05  -0.1704043D+06
   0.3065208D+01   0.7743103D+05  -0.1704043D+06
   0.3065208D+01   0.7743103D+05  -0.1704043D+06
   0.3065208D+01   0.7743103D+05  -0.1704043D+06
   0.3065191D+01   0.7743388D+05  -0.1704120D+06
   0.3065191D+01   0.7743388D+05  -0.1704120D+06
   0.3065191D+01   0.7743388D+05  -0.1704120D+06
   0.3065191D+01   0.7743388D+05  -0.1704120D+06
   0.3065191D+01   0.7743388D+05  -0.1704120D+06
   0.3062113D+01   0.7796049D+05  -0.1718287D+06
   0.3064421D+01   0.7756512D+05  -0.1707649D+06
   0.3061795D+01   0.7801517D+05  -0.1719759D+06
   0.3063765D+01   0.7767734D+05  -0.1710667D+06
   0.3061520D+01   0.7806253D+05  -0.1721035D+06
   0.3060563D+01   0.7822750D+05  -0.1725477D+06
   0.3060141D+01   0.7830032D+05  -0.1727439D+06
   0.3059956D+01   0.7833229D+05  -0.1728301D+06
   0.3059875D+01   0.7834630D+05  -0.1728678D+06
   0.3059839D+01   0.7835242D+05  -0.1728843D+06
   0.3059824D+01   0.7835510D+05  -0.1728915D+06
   0.3059817D+01   0.7835627D+05  -0.1728947D+06
   0.3059814D+01   0.7835678D+05  -0.1728960D+06
   0.3059813D+01   0.7835701D+05  -0.1728966D+06
   0.3059812D+01   0.7835711D+05  -0.1728969D+06
   0.3059812D+01   0.7835715D+05  -0.1728970D+06
   0.3059812D+01   0.7835717D+05  -0.1728971D+06
   0.3059812D+01   0.7835718D+05  -0.1728971D+06
   0.3059812D+01   0.7835718D+05  -0.1728971D+06
   0.3059812D+01   0.7835718D+05  -0.1728971D+06
   0.3065191D+01   0.7743388D+05  -0.1704120D+06
   0.3065191D+01   0.7743388D+05  -0.1704120D+06
   0.3065191D+01   0.7743388D+05  -0.1704120D+06
   0.3065191D+01   0.7743388D+05  -0.1704120D+06
   0.3065191D+01   0.7743388D+05  -0.1704120D+06
   0.3065486D+01   0.7738352D+05  -0.1702766D+06
   0.3065265D+01   0.7742128D+05  -0.1703781D+06
   0.3065529D+01   0.7737623D+05  -0.1702570D+06
   0.3065331D+01   0.7741002D+05  -0.1703478D+06
   0.3065568D+01   0.7736971D+05  -0.1702395D+06
   0.3065704D+01   0.7734641D+05  -0.1701768D+06
   0.3065783D+01   0.7733297D+05  -0.1701407D+06
   0.3065829D+01   0.7732520D+05  -0.1701198D+06
   0.3065855D+01   0.7732072D+05  -0.1701078D+06
   0.3065871D+01   0.7731813D+05  -0.1701008D+06
   0.3065879D+01   0.7731664D+05  -0.1700968D+06
   0.3065885D+01   0.7731577D+05  -0.1700945D+06
   0.3065887D+01   0.7731527D+05  -0.1700931D+06
   0.3065889D+01   0.7731498D+05  -0.1700924D+06
   0.3065890D+01   0.7731482D+05  -0.1700919D+06
   0.3065891D+01   0.7731472D+05  -0.1700917D+06
   0.3065891D+01   0.7731467D+05  -0.1700915D+06
   0.3065891D+01   0.7731463D+05  -0.1700914D+06
   0.3065891D+01   0.7731462D+05  -0.1700914D+06
   0.3065891D+01   0.7731461D+05  -0.1700913D+06
   0.3065891D+01   0.7731460D+05  -0.1700913D+06
   0.3065891D+01   0.7731460D+05  -0.1700913D+06
   0.3065891D+01   0.7731459D+05  -0.1700913D+06
   0.3065891D+01   0.7731459D+05  -0.1700913D+06
   0.3065891D+01   0.7731459D+05  -0.1700913D+06
   0.3065191D+01   0.7743388D+05  -0.1704120D+06
   0.3065191D+01   0.7743388D+05  -0.1704120D+06
   0.3065191D+01   0.7743388D+05  -0.1704120D+06
   0.3065191D+01   0.7743388D+05  -0.1704120D+06
   0.3065191D+01   0.7743388D+05  -0.1704120D+06
   0.3065626D+01   0.7735968D+05  -0.1702125D+06
   0.3065300D+01   0.7741532D+05  -0.1703621D+06
   0.3065686D+01   0.7734953D+05  -0.1701852D+06
   0.3065396D+01   0.7739887D+05  -0.1703178D+06
   0.3065739D+01   0.7734054D+05  -0.1701610D+06
   0.3065926D+01   0.7730870D+05  -0.1700755D+06
   0.3066028D+01   0.7729139D+05  -0.1700289D+06
   0.3066083D+01   0.7728197D+05  -0.1700036D+06
   0.3066113D+01   0.7727685D+05  -0.1699899D+06
   0.3066130D+01   0.7727406D+05  -0.1699824D+06
   0.3066139D+01   0.7727254D+05  -0.1699783D+06
   0.3066144D+01   0.7727171D+05  -0.1699761D+06
   0.3066146D+01   0.7727126D+05  -0.1699749D+06
   0.3066148D+01   0.7727102D+05  -0.1699742D+06
   0.3066149D+01   0.7727089D+05  -0.1699738D+06
   0.3066149D+01   0.7727081D+05  -0.1699736D+06
   0.3066149D+01   0.7727077D+05  -0.1699735D+06
   0.3066149D+01   0.7727075D+05  -0.1699735D+06
   0.3066149D+01   0.7727074D+05  -0.1699734D+06
   0.3066149D+01   0.7727073D+05  -0.1699734D+06
   0.3066149D+01   0.7727073D+05  -0.1699734D+06
   0.3066149D+01   0.7727073D+05  -0.1699734D+06
   0.3066149D+01   0.7727073D+05  -0.1699734D+06
   0.3065191D+01   0.7743388D+05  -0.1704120D+06
   0.3065191D+01   0.7743388D+05  -0.1704120D+06
   0.3065191D+01   0.7743388D+05  -0.1704120D+06
   0.3065191D+01   0.7743388D+05  -0.1704120D+06
   0.3065191D+01   0.7743388D+05  -0.1704120D+06
   0.3065228D+01   0.7742753D+05  -0.1703949D+06
   0.3065246D+01   0.7742446D+05  -0.1703867D+06
   0.3065255D+01   0.7742297D+05  -0.1703826D+06
   0.3065259D+01   0.7742225D+05  -0.1703807D+06
   0.3065261D+01   0.7742189D+05  -0.1703798D+06
   0.3065262D+01   0.7742172D+05  -0.1703793D+06
   0.3065263D+01   0.7742164D+05  -0.1703791D+06
   0.3065263D+01   0.7742160D+05  -0.1703790D+06
   0.3065263D+01   0.7742158D+05  -0.1703789D+06
   0.3065263D+01   0.7742157D+05  -0.1703789D+06
   0.3065263D+01   0.7742156D+05  -0.1703789D+06
   0.3065263D+01   0.7742156D+05  -0.1703789D+06
   0.3065263D+01   0.7742156D+05  -0.1703789D+06
   0.3065263D+01   0.7742156D+05  -0.1703789D+06
   0.3065191D+01   0.7743388D+05  -0.1704120D+06
   0.3065191D+01   0.7743388D+05  -0.1704120D+06
   0.3065191D+01   0.7743388D+05  -0.1704120D+06
   0.3065191D+01   0.7743388D+05  -0.1704120D+06
   0.3065191D+01   0.7743388D+05  -0.1704120D+06
   0.3064188D+01   0.7760494D+05  -0.1708720D+06
   0.3064940D+01   0.7747660D+05  -0.1705268D+06
   0.3064102D+01   0.7761962D+05  -0.1709115D+06
   0.3064731D+01   0.7751232D+05  -0.1706229D+06
   0.3064030D+01   0.7763196D+05  -0.1709447D+06
   0.3063787D+01   0.7767348D+05  -0.1710564D+06
   0.3063702D+01   0.7768805D+05  -0.1710956D+06
   0.3063672D+01   0.7769315D+05  -0.1711093D+06
   0.3063662D+01   0.7769493D+05  -0.1711141D+06
   0.3063658D+01   0.7769555D+05  -0.1711157D+06
   0.3063657D+01   0.7769577D+05  -0.1711163D+06
   0.3063657D+01   0.7769585D+05  -0.1711165D+06
   0.3063657D+01   0.7769587D+05  -0.1711166D+06
   0.3063657D+01   0.7769588D+05  -0.1711166D+06
   0.3063656D+01   0.7769589D+05  -0.1711166D+06
   0.3063656D+01   0.7769589D+05  -0.1711166D+06
   0.3065191D+01   0.7743388D+05  -0.1704120D+06
   0.3065191D+01   0.7743388D+05  -0.1704120D+06
   0.3065191D+01   0.7743388D+05  -0.1704120D+06
   0.3065191D+01   0.7743388D+05  -0.1704120D+06
   0.3065191D+01   0.7743388D+05  -0.1704120D+06
   0.3065220D+01   0.7742891D+05  -0.1703986D+06
   0.3065234D+01   0.7742646D+05  -0.1703920D+06
   0.3065241D+01   0.7742526D+05  -0.1703888D+06
   0.3065245D+01   0.7742467D+05  -0.1703872D+06
   0.3065247D+01   0.7742438D+05  -0.1703864D+06
   0.3065247D+01   0.7742424D+05  -0.1703861D+06
   0.3065248D+01   0.7742417D+05  -0.1703859D+06
   0.3065248D+01   0.7742414D+05  -0.1703858D+06
   0.3065248D+01   0.7742412D+05  -0.1703857D+06
   0.3065248D+01   0.7742411D+05  -0.1703857D+06
   0.3065248D+01   0.7742411D+05  -0.1703857D+06
   0.3065248D+01   0.7742410D+05  -0.1703857D+06
   0.3065248D+01   0.7742410D+05  -0.1703857D+06
   0.3065191D+01   0.7743388D+05  -0.1704120D+06
   0.3065191D+01   0.7743388D+05  -0.1704120D+06
   0.3065191D+01   0.7743388D+05  -0.1704120D+06
   0.3065191D+01   0.7743388D+05  -0.1704120D+06
   0.3065191D+01   0.7743388D+05  -0.1704120D+06
   0.3065191D+01   0.7743388D+05  -0.1704120D+06
   0.3065863D+01   0.7731939D+05  -0.1701042D+06
   0.3065359D+01   0.7740524D+05  -0.1703350D+06
   0.3065939D+01   0.7730643D+05  -0.1700694D+06
   0.3065504D+01   0.7738052D+05  -0.1702685D+06
   0.3066005D+01   0.7729527D+05  -0.1700394D+06
   0.3066231D+01   0.7725687D+05  -0.1699362D+06
   0.3066332D+01   0.7723967D+05  -0.1698899D+06
   0.3066378D+01   0.7723196D+05  -0.1698692D+06
   0.3066398D+01   0.7722850D+05  -0.1698599D+06
   0.3066407D+01   0.7722695D+05  -0.1698558D+06
   0.3066411D+01   0.7722625D+05  -0.1698539D+06
   0.3066413D+01   0.7722594D+05  -0.1698530D+06
   0.3066414D+01   0.7722580D+05  -0.1698527D+06
   0.3066414D+01   0.7722574D+05  -0.1698525D+06
   0.3066414D+01   0.7722571D+05  -0.1698524D+06
   0.3066414D+01   0.7722570D+05  -0.1698524D+06
   0.3066415D+01   0.7722569D+05  -0.1698524D+06
   0.3066415D+01   0.7722569D+05  -0.1698524D+06
   0.3066415D+01   0.7722569D+05  -0.1698524D+06
   0.3066415D+01   0.7722569D+05  -0.1698524D+06
   0.3065191D+01   0.7743388D+05  -0.1704120D+06
   0.3065191D+01   0.7743388D+05  -0.1704120D+06
   0.3065191D+01   0.7743388D+05  -0.1704120D+06
   0.3065191D+01   0.7743388D+05  -0.1704120D+06
   0.3065191D+01   0.7743388D+05  -0.1704120D+06
   0.3065191D+01   0.7743388D+05  -0.1704120D+06
   0.3065430D+01   0.7739309D+05  -0.1703023D+06
   0.3065251D+01   0.7742368D+05  -0.1703846D+06
   0.3065453D+01   0.7738924D+05  -0.1702920D+06
   0.3065529D+01   0.7737626D+05  -0.1702571D+06
   0.3065558D+01   0.7737137D+05  -0.1702439D+06
   0.3065569D+01   0.7736953D+05  -0.1702390D+06
   0.3065573D+01   0.7736884D+05  -0.1702371D+06
   0.3065574D+01   0.7736858D+05  -0.1702364D+06
   0.3065575D+01   0.7736848D+05  -0.1702362D+06
   0.3065575D+01   0.7736844D+05  -0.1702361D+06
   0.3065575D+01   0.7736843D+05  -0.1702360D+06
   0.3065575D+01   0.7736842D+05  -0.1702360D+06
   0.3065575D+01   0.7736842D+05  -0.1702360D+06
   0.3065575D+01   0.7736842D+05  -0.1702360D+06
   0.3065191D+01   0.7743388D+05  -0.1704120D+06
   0.3065191D+01   0.7743388D+05  -0.1704120D+06
   0.3065191D+01   0.7743388D+05  -0.1704120D+06
   0.3065191D+01   0.7743388D+05  -0.1704120D+06
   0.3065191D+01   0.7743388D+05  -0.1704120D+06
   0.3067685D+01   0.7701027D+05  -0.1692736D+06
   0.3065814D+01   0.7732771D+05  -0.1701266D+06
   0.3067844D+01   0.7698332D+05  -0.1692012D+06
   0.3068351D+01   0.7689755D+05  -0.1689709D+06
   0.3068476D+01   0.7687650D+05  -0.1689144D+06
   0.3068507D+01   0.7687129D+05  -0.1689004D+06
   0.3068514D+01   0.7687001D+05  -0.1688970D+06
   0.3068516D+01   0.7686969D+05  -0.1688961D+06
   0.3068517D+01   0.7686961D+05  -0.1688959D+06
   0.3068517D+01   0.7686959D+05  -0.1688958D+06
   0.3068517D+01   0.7686958D+05  -0.1688958D+06
   0.3068517D+01   0.7686958D+05  -0.1688958D+06
   0.3068517D+01   0.7686958D+05  -0.1688958D+06
