   0.3065933D+01   0.1240780D+05  -0.1214119D+05
   0.3065933D+01   0.1240780D+05  -0.1214119D+05
   0.3065933D+01   0.1240780D+05  -0.1214119D+05
   0.3065933D+01   0.1240780D+05  -0.1214119D+05
   0.3066125D+01   0.1240546D+05  -0.1213814D+05
   0.3066126D+01   0.1240546D+05  -0.1213814D+05
   0.3066126D+01   0.1240546D+05  -0.1213814D+05
   0.3066126D+01   0.1240546D+05  -0.1213814D+05
   0.3065933D+01   0.1240780D+05  -0.1214119D+05
   0.3065933D+01   0.1240780D+05  -0.1214119D+05
   0.3065933D+01   0.1240780D+05  -0.1214119D+05
   0.3065933D+01   0.1240780D+05  -0.1214119D+05
   0.3065497D+01   0.1241310D+05  -0.1214810D+05
   0.3065496D+01   0.1241310D+05  -0.1214810D+05
   0.3065496D+01   0.1241310D+05  -0.1214810D+05
   0.3065496D+01   0.1241310D+05  -0.1214810D+05
   0.3065496D+01   0.1241310D+05  -0.1214810D+05
   0.3065933D+01   0.1240780D+05  -0.1214119D+05
   0.3065933D+01   0.1240780D+05  -0.1214119D+05
   0.3065933D+01   0.1240780D+05  -0.1214119D+05
   0.3065933D+01   0.1240780D+05  -0.1214119D+05
   0.3065531D+01   0.1241268D+05  -0.1214755D+05
   0.3065531D+01   0.1241268D+05  -0.1214756D+05
   0.3065531D+01   0.1241268D+05  -0.1214756D+05
   0.3065531D+01   0.1241268D+05  -0.1214756D+05
   0.3065531D+01   0.1241268D+05  -0.1214756D+05
   0.3065933D+01   0.1240780D+05  -0.1214119D+05
   0.3065933D+01   0.1240780D+05  -0.1214119D+05
   0.3065933D+01   0.1240780D+05  -0.1214119D+05
   0.3065933D+01   0.1240780D+05  -0.1214119D+05
   0.3065933D+01   0.1240780D+05  -0.1214119D+05
   0.3065505D+01   0.1241299D+05  -0.1214797D+05
   0.3065505D+01   0.1241299D+05  -0.1214796D+05
   0.3065505D+01   0.1241299D+05  -0.1214796D+05
   0.3065505D+01   0.1241299D+05  -0.1214796D+05
   0.3065505D+01   0.1241299D+05  -0.1214796D+05
   0.3065933D+01   0.1240780D+05  -0.1214119D+05
   0.3065933D+01   0.1240780D+05  -0.1214119D+05
   0.3065933D+01   0.1240780D+05  -0.1214119D+05
   0.3065933D+01   0.1240780D+05  -0.1214119D+05
   0.3065512D+01   0.1241291D+05  -0.1214785D+05
   0.3065512D+01   0.1241291D+05  -0.1214785D+05
   0.3065512D+01   0.1241291D+05  -0.1214785D+05
   0.3065512D+01   0.1241291D+05  -0.1214785D+05
   0.3065512D+01   0.1241291D+05  -0.1214785D+05
   0.3065933D+01   0.1240780D+05  -0.1214119D+05
   0.3065933D+01   0.1240780D+05  -0.1214119D+05
   0.3065933D+01   0.1240780D+05  -0.1214119D+05
   0.3065933D+01   0.1240780D+05  -0.1214119D+05
   0.3065511D+01   0.1241292D+05  -0.1214787D+05
   0.3065511D+01   0.1241292D+05  -0.1214787D+05
   0.3065511D+01   0.1241292D+05  -0.1214787D+05
   0.3065511D+01   0.1241292D+05  -0.1214787D+05
   0.3065511D+01   0.1241292D+05  -0.1214787D+05
   0.3065933D+01   0.1240780D+05  -0.1214119D+05
   0.3065933D+01   0.1240780D+05  -0.1214119D+05
   0.3065933D+01   0.1240780D+05  -0.1214119D+05
   0.3065933D+01   0.1240780D+05  -0.1214119D+05
   0.3065511D+01   0.1241293D+05  -0.1214788D+05
   0.3065511D+01   0.1241293D+05  -0.1214788D+05
   0.3065511D+01   0.1241293D+05  -0.1214788D+05
   0.3065511D+01   0.1241293D+05  -0.1214788D+05
   0.3065511D+01   0.1241293D+05  -0.1214788D+05
