   0.2500000D+01   0.2288581D+05
   0.2600000D+01   0.2034538D+05
   0.2700000D+01   0.1816745D+05
   0.2800000D+01   0.1628960D+05
   0.2900000D+01   0.1466189D+05
   0.3000000D+01   0.1324401D+05
   0.3100000D+01   0.1200321D+05
   0.3200000D+01   0.1091269D+05
   0.3300000D+01   0.9950364D+04
   0.3400000D+01   0.9097941D+04
   0.3500000D+01   0.8340167D+04
   0.3600000D+01   0.7664262D+04
   0.3700000D+01   0.7059462D+04
   0.3800000D+01   0.6516657D+04
   0.3900000D+01   0.6028102D+04
   0.4000000D+01   0.5587187D+04
   0.4100000D+01   0.5188242D+04
   0.4200000D+01   0.4826391D+04
   0.4300000D+01   0.4497421D+04
   0.4400000D+01   0.4197680D+04
   0.4500000D+01   0.3923993D+04
   0.4600000D+01   0.3673589D+04
   0.4700000D+01   0.3444045D+04
   0.4800000D+01   0.3233231D+04
   0.4900000D+01   0.3039277D+04
   0.5000000D+01   0.2860530D+04
   0.5100000D+01   0.2695529D+04
   0.5200000D+01   0.2542976D+04
   0.5300000D+01   0.2401721D+04
   0.5400000D+01   0.2270735D+04
   0.5500000D+01   0.2149103D+04
   0.5600000D+01   0.2036005D+04
   0.5700000D+01   0.1930704D+04
   0.5800000D+01   0.1832540D+04
   0.5900000D+01   0.1740920D+04
   0.6000000D+01   0.1655305D+04
   0.6100000D+01   0.1575213D+04
   0.6200000D+01   0.1500205D+04
   0.6300000D+01   0.1429885D+04
   0.6400000D+01   0.1363890D+04
   0.6500000D+01   0.1301895D+04
   0.6600000D+01   0.1243600D+04
   0.6700000D+01   0.1188733D+04
   0.6800000D+01   0.1137047D+04
   0.6900000D+01   0.1088314D+04
   0.7000000D+01   0.1042325D+04
   0.7100000D+01   0.9988915D+03
   0.7200000D+01   0.9578372D+03
   0.2500000D+01   0.2288581D+05
   0.2600000D+01   0.2034538D+05
   0.2700000D+01   0.1816745D+05
   0.2800000D+01   0.1628960D+05
   0.2900000D+01   0.1466189D+05
   0.3000000D+01   0.1324401D+05
   0.3100000D+01   0.1200321D+05
   0.3200000D+01   0.1091269D+05
   0.3300000D+01   0.9950364D+04
   0.3400000D+01   0.9097941D+04
   0.3500000D+01   0.8340167D+04
   0.3600000D+01   0.7664262D+04
   0.3700000D+01   0.7059462D+04
   0.3800000D+01   0.6516657D+04
   0.3900000D+01   0.6028102D+04
   0.4000000D+01   0.5587187D+04
   0.4100000D+01   0.5188242D+04
   0.4200000D+01   0.4826391D+04
   0.4300000D+01   0.4497421D+04
   0.4400000D+01   0.4197680D+04
   0.4500000D+01   0.3923993D+04
   0.4600000D+01   0.3673589D+04
   0.4700000D+01   0.3444045D+04
   0.4800000D+01   0.3233231D+04
   0.4900000D+01   0.3039277D+04
   0.5000000D+01   0.2860530D+04
   0.5100000D+01   0.2695529D+04
   0.5200000D+01   0.2542976D+04
   0.5300000D+01   0.2401721D+04
   0.5400000D+01   0.2270735D+04
   0.5500000D+01   0.2149103D+04
   0.5600000D+01   0.2036005D+04
   0.5700000D+01   0.1930704D+04
   0.5800000D+01   0.1832540D+04
   0.5900000D+01   0.1740920D+04
   0.6000000D+01   0.1655305D+04
   0.6100000D+01   0.1575213D+04
   0.6200000D+01   0.1500205D+04
   0.6300000D+01   0.1429885D+04
   0.6400000D+01   0.1363890D+04
   0.6500000D+01   0.1301895D+04
   0.6600000D+01   0.1243600D+04
   0.6700000D+01   0.1188733D+04
   0.6800000D+01   0.1137047D+04
   0.6900000D+01   0.1088314D+04
   0.7000000D+01   0.1042325D+04
   0.7100000D+01   0.9988915D+03
   0.7200000D+01   0.9578372D+03
   0.2500000D+01   0.2288581D+05
   0.2600000D+01   0.2034538D+05
   0.2700000D+01   0.1816745D+05
   0.2800000D+01   0.1628960D+05
   0.2900000D+01   0.1466189D+05
   0.3000000D+01   0.1324401D+05
   0.3100000D+01   0.1200321D+05
   0.3200000D+01   0.1091269D+05
   0.3300000D+01   0.9950364D+04
   0.3400000D+01   0.9097941D+04
   0.3500000D+01   0.8340167D+04
   0.3600000D+01   0.7664262D+04
   0.3700000D+01   0.7059462D+04
   0.3800000D+01   0.6516657D+04
   0.3900000D+01   0.6028102D+04
   0.4000000D+01   0.5587187D+04
   0.4100000D+01   0.5188242D+04
   0.4200000D+01   0.4826391D+04
   0.4300000D+01   0.4497421D+04
   0.4400000D+01   0.4197680D+04
   0.4500000D+01   0.3923993D+04
   0.4600000D+01   0.3673589D+04
   0.4700000D+01   0.3444045D+04
   0.4800000D+01   0.3233231D+04
   0.4900000D+01   0.3039277D+04
   0.5000000D+01   0.2860530D+04
   0.5100000D+01   0.2695529D+04
   0.5200000D+01   0.2542976D+04
   0.5300000D+01   0.2401721D+04
   0.5400000D+01   0.2270735D+04
   0.5500000D+01   0.2149103D+04
   0.5600000D+01   0.2036005D+04
   0.5700000D+01   0.1930704D+04
   0.5800000D+01   0.1832540D+04
   0.5900000D+01   0.1740920D+04
   0.6000000D+01   0.1655305D+04
   0.6100000D+01   0.1575213D+04
   0.6200000D+01   0.1500205D+04
   0.6300000D+01   0.1429885D+04
   0.6400000D+01   0.1363890D+04
   0.6500000D+01   0.1301895D+04
   0.6600000D+01   0.1243600D+04
   0.6700000D+01   0.1188733D+04
   0.6800000D+01   0.1137047D+04
   0.6900000D+01   0.1088314D+04
   0.7000000D+01   0.1042325D+04
   0.7100000D+01   0.9988915D+03
   0.7200000D+01   0.9578372D+03
   0.2500000D+01   0.2288581D+05
   0.2600000D+01   0.2034538D+05
   0.2700000D+01   0.1816745D+05
   0.2800000D+01   0.1628960D+05
   0.2900000D+01   0.1466189D+05
   0.3000000D+01   0.1324401D+05
   0.3100000D+01   0.1200321D+05
   0.3200000D+01   0.1091269D+05
   0.3300000D+01   0.9950364D+04
   0.3400000D+01   0.9097941D+04
   0.3500000D+01   0.8340167D+04
   0.3600000D+01   0.7664262D+04
   0.3700000D+01   0.7059462D+04
   0.3800000D+01   0.6516657D+04
   0.3900000D+01   0.6028102D+04
   0.4000000D+01   0.5587187D+04
   0.4100000D+01   0.5188242D+04
   0.4200000D+01   0.4826391D+04
   0.4300000D+01   0.4497421D+04
   0.4400000D+01   0.4197680D+04
   0.4500000D+01   0.3923993D+04
   0.4600000D+01   0.3673589D+04
   0.4700000D+01   0.3444045D+04
   0.4800000D+01   0.3233231D+04
   0.4900000D+01   0.3039277D+04
   0.5000000D+01   0.2860530D+04
   0.5100000D+01   0.2695529D+04
   0.5200000D+01   0.2542976D+04
   0.5300000D+01   0.2401721D+04
   0.5400000D+01   0.2270735D+04
   0.5500000D+01   0.2149103D+04
   0.5600000D+01   0.2036005D+04
   0.5700000D+01   0.1930704D+04
   0.5800000D+01   0.1832540D+04
   0.5900000D+01   0.1740920D+04
   0.6000000D+01   0.1655305D+04
   0.6100000D+01   0.1575213D+04
   0.6200000D+01   0.1500205D+04
   0.6300000D+01   0.1429885D+04
   0.6400000D+01   0.1363890D+04
   0.6500000D+01   0.1301895D+04
   0.6600000D+01   0.1243600D+04
   0.6700000D+01   0.1188733D+04
   0.6800000D+01   0.1137047D+04
   0.6900000D+01   0.1088314D+04
   0.7000000D+01   0.1042325D+04
   0.7100000D+01   0.9988915D+03
   0.7200000D+01   0.9578372D+03
   0.2500000D+01   0.2288581D+05
   0.2600000D+01   0.2034538D+05
   0.2700000D+01   0.1816745D+05
   0.2800000D+01   0.1628960D+05
   0.2900000D+01   0.1466189D+05
   0.3000000D+01   0.1324401D+05
   0.3100000D+01   0.1200321D+05
   0.3200000D+01   0.1091269D+05
   0.3300000D+01   0.9950364D+04
   0.3400000D+01   0.9097941D+04
   0.3500000D+01   0.8340167D+04
   0.3600000D+01   0.7664262D+04
   0.3700000D+01   0.7059462D+04
   0.3800000D+01   0.6516657D+04
   0.3900000D+01   0.6028102D+04
   0.4000000D+01   0.5587187D+04
   0.4100000D+01   0.5188242D+04
   0.4200000D+01   0.4826391D+04
   0.4300000D+01   0.4497421D+04
   0.4400000D+01   0.4197680D+04
   0.4500000D+01   0.3923993D+04
   0.4600000D+01   0.3673589D+04
   0.4700000D+01   0.3444045D+04
   0.4800000D+01   0.3233231D+04
   0.4900000D+01   0.3039277D+04
   0.5000000D+01   0.2860530D+04
   0.5100000D+01   0.2695529D+04
   0.5200000D+01   0.2542976D+04
   0.5300000D+01   0.2401721D+04
   0.5400000D+01   0.2270735D+04
   0.5500000D+01   0.2149103D+04
   0.5600000D+01   0.2036005D+04
   0.5700000D+01   0.1930704D+04
   0.5800000D+01   0.1832540D+04
   0.5900000D+01   0.1740920D+04
   0.6000000D+01   0.1655305D+04
   0.6100000D+01   0.1575213D+04
   0.6200000D+01   0.1500205D+04
   0.6300000D+01   0.1429885D+04
   0.6400000D+01   0.1363890D+04
   0.6500000D+01   0.1301895D+04
   0.6600000D+01   0.1243600D+04
   0.6700000D+01   0.1188733D+04
   0.6800000D+01   0.1137047D+04
   0.6900000D+01   0.1088314D+04
   0.7000000D+01   0.1042325D+04
   0.7100000D+01   0.9988915D+03
   0.7200000D+01   0.9578372D+03
   0.2500000D+01   0.2288581D+05
   0.2600000D+01   0.2034538D+05
   0.2700000D+01   0.1816745D+05
   0.2800000D+01   0.1628960D+05
   0.2900000D+01   0.1466189D+05
   0.3000000D+01   0.1324401D+05
   0.3100000D+01   0.1200321D+05
   0.3200000D+01   0.1091269D+05
   0.3300000D+01   0.9950364D+04
   0.3400000D+01   0.9097941D+04
   0.3500000D+01   0.8340167D+04
   0.3600000D+01   0.7664262D+04
   0.3700000D+01   0.7059462D+04
   0.3800000D+01   0.6516657D+04
   0.3900000D+01   0.6028102D+04
   0.4000000D+01   0.5587187D+04
   0.4100000D+01   0.5188242D+04
   0.4200000D+01   0.4826391D+04
   0.4300000D+01   0.4497421D+04
   0.4400000D+01   0.4197680D+04
   0.4500000D+01   0.3923993D+04
   0.4600000D+01   0.3673589D+04
   0.4700000D+01   0.3444045D+04
   0.4800000D+01   0.3233231D+04
   0.4900000D+01   0.3039277D+04
   0.5000000D+01   0.2860530D+04
   0.5100000D+01   0.2695529D+04
   0.5200000D+01   0.2542976D+04
   0.5300000D+01   0.2401721D+04
   0.5400000D+01   0.2270735D+04
   0.5500000D+01   0.2149103D+04
   0.5600000D+01   0.2036005D+04
   0.5700000D+01   0.1930704D+04
   0.5800000D+01   0.1832540D+04
   0.5900000D+01   0.1740920D+04
   0.6000000D+01   0.1655305D+04
   0.6100000D+01   0.1575213D+04
   0.6200000D+01   0.1500205D+04
   0.6300000D+01   0.1429885D+04
   0.6400000D+01   0.1363890D+04
   0.6500000D+01   0.1301895D+04
   0.6600000D+01   0.1243600D+04
   0.6700000D+01   0.1188733D+04
   0.6800000D+01   0.1137047D+04
   0.6900000D+01   0.1088314D+04
   0.7000000D+01   0.1042325D+04
   0.7100000D+01   0.9988915D+03
   0.7200000D+01   0.9578372D+03
   0.2500000D+01   0.2288581D+05
   0.2600000D+01   0.2034538D+05
   0.2700000D+01   0.1816745D+05
   0.2800000D+01   0.1628960D+05
   0.2900000D+01   0.1466189D+05
   0.3000000D+01   0.1324401D+05
   0.3100000D+01   0.1200321D+05
   0.3200000D+01   0.1091269D+05
   0.3300000D+01   0.9950364D+04
   0.3400000D+01   0.9097941D+04
   0.3500000D+01   0.8340167D+04
   0.3600000D+01   0.7664262D+04
   0.3700000D+01   0.7059462D+04
   0.3800000D+01   0.6516657D+04
   0.3900000D+01   0.6028102D+04
   0.4000000D+01   0.5587187D+04
   0.4100000D+01   0.5188242D+04
   0.4200000D+01   0.4826391D+04
   0.4300000D+01   0.4497421D+04
   0.4400000D+01   0.4197680D+04
   0.4500000D+01   0.3923993D+04
   0.4600000D+01   0.3673589D+04
   0.4700000D+01   0.3444045D+04
   0.4800000D+01   0.3233231D+04
   0.4900000D+01   0.3039277D+04
   0.5000000D+01   0.2860530D+04
   0.5100000D+01   0.2695529D+04
   0.5200000D+01   0.2542976D+04
   0.5300000D+01   0.2401721D+04
   0.5400000D+01   0.2270735D+04
   0.5500000D+01   0.2149103D+04
   0.5600000D+01   0.2036005D+04
   0.5700000D+01   0.1930704D+04
   0.5800000D+01   0.1832540D+04
   0.5900000D+01   0.1740920D+04
   0.6000000D+01   0.1655305D+04
   0.6100000D+01   0.1575213D+04
   0.6200000D+01   0.1500205D+04
   0.6300000D+01   0.1429885D+04
   0.6400000D+01   0.1363890D+04
   0.6500000D+01   0.1301895D+04
   0.6600000D+01   0.1243600D+04
   0.6700000D+01   0.1188733D+04
   0.6800000D+01   0.1137047D+04
   0.6900000D+01   0.1088314D+04
   0.7000000D+01   0.1042325D+04
   0.7100000D+01   0.9988915D+03
   0.7200000D+01   0.9578372D+03
